400
401
401
400
401
402
402
403
402
401
400
400
400
400
398
397
396
397
396
395
396
396
395
395
395
394
395
396
395
395
395
396
397
398
398
398
398
397
397
398
398
399
400
399
398
397
398
397
397
398
398
398
399
399
400
401
402
403
404
405
406
406
406
405
404
404
405
406
407
408
409
410
410
409
410
411
412
411
410
409
408
407
406
405
404
403
402
401
400
399
398
397
398
398
399
400
401
402
403
404
405
406
407
408
409
410
411
412
411
410
409
410
411
412
413
414
415
414
413
412
411
411
410
410
411
412
413
414
415
416
416
416
415
415
416
417
418
419
420
421
422
423
424
424
423
422
421
420
419
418
417
416
415
414
413
412
411
410
409
408
407
406
405
405
405
404
403
404
402
402
401
400
399
400
401
402
402
403
403
402
401
401
401
402
402
403
404
404
403
402
401
401
401
400
400
400
399
398
397
396
395
394
393
392
391
390
389
388
387
387
386
385
384
383
382
381
380
379
378
377
376
376
377
378
379
380
380
381
382
383
383
384
383
384
384
385
385
385
386
387
387
388
389
390
391
392
392
391
390
389
389
390
391
391
392
393
394
395
396
397
398
399
400
401
401
402
403
404
405
406
407
408
409
410
411
412
412
413
412
411
410
410
411
412
413
414
414
414
413
413
414
415
416
416
416
417
417
416
415
416
417
418
419
420
421
422
423
424
425
426
427
428
429
430
431
432
433
434
435
436
437
438
439
440
440
441
442
443
444
445
446
447
448
449
450
451
452
451
452
453
454
455
456
457
458
459
460
460
460
461
461
460
461
462
463
464
465
466
467
468
469
470
471
472
473
474
475
476
476
475
476
476
476
476
476
476
477
476
477
477
478
479
